    unsorted:	 986.7906107 580.4986112 730.3152589 7538.380162
      sorted:	 580.4986112 730.3152589 986.7906107 7538.380162
